p0_bead: [49.9,250.8,27.4]
diam_bead: 7.6
qpd_diag_mat: [[1.16944490,0.82617188,-0.82617188,-1.16944490],[0.99892618,-1.02582057,1.02582057,-0.99892618]]